[[(('prefer', 'VBP'), 'nsubj', ('I', 'PRP')), (('prefer', 'VBP'), 'dobj', ('flight', 'NN')), (('flight', 'NN'), 'det', ('the', 'DT')), (('flight', 'NN'), 'compound', ('morning', 'NN')), (('prefer', 'VBP'), 'nmod', ('denver', 'NN')), (('denver', 'NN'), 'case', ('through', 'IN')), (('prefer', 'VBP'), 'punct', ('.', '.'))]]
dict_keys(['ids', 'mask', 'targets'])
{'ids': tensor([[ 101, 1045, 9544, 1996, 2851, 3462, 2083, 7573, 1012,  102]]), 'mask': tensor([[1, 1, 1, 1, 1, 1, 1, 1, 1, 1]]), 'targets': [(([9544], [1058, 2497, 2361]), [24978, 12083, 3501], ([1045], [10975, 2361])), (([9544], [1058, 2497, 2361]), [2079, 2497, 3501], ([3462], [1050, 2078])), (([3462], [1050, 2078]), [20010], ([1996], [26718])), (([3462], [1050, 2078]), [7328], ([2851], [1050, 2078])), (([9544], [1058, 2497, 2361]), [13221, 7716], ([7573], [1050, 2078])), (([7573], [1050, 2078]), [2553], ([2083], [1999])), (([9544], [1058, 2497, 2361]), [26136, 6593], ([1012], [1012])), (([0, 0], [0, 0]), [0, 0], ([0, 0], [0, 0])), (([0, 0], [0, 0]), [0, 0], ([0, 0], [0, 0])), (([0, 0], [0, 0]), [0, 0], ([0, 0], [0, 0]))]}
{'ids': [tensor([[ 101, 1045, 9544, 1996, 2851, 3462, 2083, 7573, 1012,  102]])], 'mask': [tensor([[1, 1, 1, 1, 1, 1, 1, 1, 1, 1]])], 'targets': tensor([[[ 9544.,     0.,     0.,  1058.,  2497.,  2361., 24978., 12083.,
           3501.,  1045.,     0.,     0., 10975.,  2361.,     0.],
         [ 9544.,     0.,     0.,  1058.,  2497.,  2361.,  2079.,  2497.,
           3501.,  3462.,     0.,     0.,  1050.,  2078.,     0.],
         [ 3462.,     0.,     0.,  1050.,  2078.,     0., 20010.,     0.,
              0.,  1996.,     0.,     0., 26718.,     0.,     0.],
         [ 3462.,     0.,     0.,  1050.,  2078.,     0.,  7328.,     0.,
              0.,  2851.,     0.,     0.,  1050.,  2078.,     0.],
         [ 9544.,     0.,     0.,  1058.,  2497.,  2361., 13221.,  7716.,
              0.,  7573.,     0.,     0.,  1050.,  2078.,     0.],
         [ 7573.,     0.,     0.,  1050.,  2078.,     0.,  2553.,     0.,
              0.,  2083.,     0.,     0.,  1999.,     0.,     0.],
         [ 9544.,     0.,     0.,  1058.,  2497.,  2361., 26136.,  6593.,
              0.,  1012.,     0.,     0.,  1012.,     0.,     0.],
         [    0.,     0.,     0.,     0.,     0.,     0.,     0.,     0.,
              0.,     0.,     0.,     0.,     0.,     0.,     0.],
         [    0.,     0.,     0.,     0.,     0.,     0.,     0.,     0.,
              0.,     0.,     0.,     0.,     0.,     0.,     0.],
         [    0.,     0.,     0.,     0.,     0.,     0.,     0.,     0.,
              0.,     0.,     0.,     0.,     0.,     0.,     0.]]])}
